# c indicates where to lookout the number
n - c

# f indicates the number in the wastw zone
f + n

# A indicates the size of the waste zone (26 or 1)


Length of the code: 14
('9', 11)
('8', 10)
('7', 9)
('6', 8)
('5', 7)
('4', 6)
('3', 5)
('2', 4)
('1', 3)

















# How increment in one region:
inc = n + f



# if I go down:
-25

# if I go up    
+25




patras restamos N * 25 por num % 26
                                                                                                     -53
 -52 -51 -50 -49 -48 -47 -46 -45 -44 -43 -42 -41 -40 -39 -38 -37 -36 -35 -34 -33 -32 -31 -30 -29 -28 -27
 -26 -25 -24 -23 -22 -21 -20 -19 -18 -17 -16 -15 -14 -13 -12 -11 -10  -9  -8  -7  -6  -5  -4  -3  -2  -1
   0   1   2   3   4   5   6   7   8   9  10  11  12  13  14  15  16  17  18  19  20  21  22  23  24  25  
  26  27  28  29  30  31  32  33  34  35  36  37  38  39  40  41  42  43  44  45  46  47  48  49  50  51  
  52  53  54  55  56  57  58  59  60  61  62  63  64  65  66  67  68  69  70  71  72  73  74  75  76  77
  78  79  80  81  82  83  84  85  86  87  88  89  90  91  92  93  94  95  96  97  98  99 100 101 102 103
 104
